3 0.03125 0.32731699999999997 0.0625 0.24282199999999995
3 0.0515625 0.6558655 0.103125 0.6866289999999999
3 0.166875 0.749795 0.33375 0.49876999999999994
3 0.058437499999999996 0.22149300000000002 0.070625 0.10664400000000002
3 0.1015625 0.383101 0.11562499999999999 0.251026
3 0.10625 0.2387205 0.046249999999999986 0.144381
3 0.18937500000000002 0.34331449999999997 0.10750000000000001 0.330599
3 0.3028125 0.635357 0.22187500000000002 0.727646
3 0.2328125 0.2223135 0.044375 0.10828499999999996
3 0.2521875 0.203445 0.039374999999999966 0.09516
3 0.3325 0.4487285 0.13125000000000003 0.42657900000000004
3 0.3415625 0.3703855 0.130625 0.30434700000000003
3 0.34875 0.30393800000000004 0.125 0.21411000000000005
3 0.3621875 0.2748155 0.09312500000000001 0.21328899999999995
3 0.375625 0.24282200000000004 0.044999999999999984 0.1837580000000001
3 0.5009375 0.6394584999999999 0.25312499999999993 0.468417
3 0.48906249999999996 0.5036915 0.221875 0.392125
3 0.494375 0.398687 0.14875 0.300246
3 0.4740625 0.320345 0.104375 0.266612
3 0.4865625 0.180066 0.05937500000000001 0.03855599999999995
3 0.613125 0.36669399999999996 0.12375000000000003 0.35274799999999995
3 0.5815625 0.186218 0.046875 0.07055
3 0.6031249999999999 0.245693 0.07999999999999996 0.16160799999999997
3 0.676875 0.5529124999999999 0.18999999999999995 0.5693189999999999
3 0.6596875 0.430681 0.150625 0.41509399999999996
3 0.7428125 0.6689909999999999 0.23062500000000008 0.6603779999999999
3 0.6925 0.1919605 0.053749999999999964 0.09680100000000003
3 0.8125 0.7411814999999999 0.2749999999999999 0.515997
3 0.7240625 0.20836749999999998 0.04062500000000002 0.10500499999999999
3 0.7731250000000001 0.2731745 0.07625000000000004 0.203445
3 0.8840625 0.41017249999999994 0.14812499999999995 0.3461849999999999
3 0.8759375 0.2370795 0.09812500000000002 0.175553
3 0.9512499999999999 0.575882 0.09625000000000006 0.5676779999999999
3 0.9450000000000001 0.24241200000000002 0.07625000000000004 0.12387200000000001
3 0.9571875000000001 0.8949959999999999 0.08437499999999998 0.208368
