3 0.589375 0.8208255000000001 0.11250000000000004 0.35647300000000004
3 0.5687500000000001 0.5600375 0.04625000000000001 0.2382729999999999
3 0.590625 0.5675425 0.07999999999999996 0.288931
3 0.611875 0.6163230000000001 0.10875000000000001 0.39024400000000004
3 0.6615625 0.868668 0.12187500000000007 0.26078800000000013
3 0.686875 0.575047 0.05125000000000002 0.30394000000000004
3 0.7375 0.662758 0.11375000000000002 0.516886
3 0.775625 0.8236400000000001 0.09125000000000005 0.35084400000000004
3 0.845 0.728893 0.10875000000000001 0.5234520000000001
3 0.9284375 0.7631335000000001 0.12687499999999996 0.4718570000000001
3 0.904375 0.514071 0.04125000000000001 0.15197000000000005
3 0.94875 0.8503755000000001 0.09125000000000005 0.2973730000000001
3 0.9603125 0.6500940000000002 0.078125 0.45778600000000014
