2 0.110000 0.585000 0.060000 0.710000
2 0.695000 0.570000 0.090000 0.680000
2 0.900000 0.585000 0.060000 0.710000
2 0.840000 0.585000 0.060000 0.710000
2 0.780000 0.585000 0.060000 0.710000
2 0.740000 0.575000 0.060000 0.710000
2 0.630000 0.585000 0.060000 0.710000
2 0.580000 0.575000 0.060000 0.710000
2 0.520000 0.585000 0.060000 0.710000
2 0.470000 0.575000 0.060000 0.710000
2 0.420000 0.575000 0.060000 0.710000
2 0.370000 0.585000 0.060000 0.710000
2 0.320000 0.595000 0.060000 0.710000
2 0.260000 0.585000 0.060000 0.710000
2 0.210000 0.585000 0.060000 0.710000
2 0.160000 0.585000 0.060000 0.710000
