1 0.268889 0.342222 0.128889 0.382222
1 0.444444 0.322222 0.142222 0.386667
1 0.617778 0.371111 0.160000 0.306667
1 0.764444 0.386667 0.106667 0.311111
1 0.875556 0.644444 0.160000 0.115556
1 0.777778 0.764444 0.151111 0.115556
1 0.528889 0.777778 0.231111 0.115556
1 0.284444 0.760000 0.168889 0.088889
1 0.228889 0.642222 0.137778 0.111111
1 0.346667 0.671111 0.106667 0.088889
1 0.677778 0.648889 0.173333 0.124444
1 0.857778 0.548889 0.106667 0.102222
1 0.155556 0.488889 0.195556 0.177778
1 0.495556 0.626667 0.164444 0.186667
