3 0.1240625 0.639775 0.150625 0.545966
3 0.25093750000000004 0.3883675 0.26687500000000003 0.298311
3 0.21937500000000001 0.7682925 0.14250000000000002 0.46153900000000014
3 0.35062499999999996 0.48874300000000004 0.25625 0.360226
3 0.35875 0.8259850000000001 0.15375 0.3424020000000001
3 0.45 0.7696999999999999 0.15249999999999997 0.43621
3 0.546875 0.4742025 0.14375000000000004 0.526267
3 0.5865625 0.33302050000000005 0.13812500000000005 0.517823
3 0.7275 0.6538465 0.15374999999999994 0.5328330000000001
3 0.7350000000000001 0.783771 0.15125 0.43058200000000013
3 0.825625 0.4108815 0.1349999999999999 0.534709
