1 0.099537 0.107296 0.125000 0.111588
1 0.289352 0.124464 0.125000 0.111588
1 0.104167 0.626609 0.125000 0.111588
1 0.224537 0.656652 0.125000 0.111588
1 0.354167 0.575107 0.125000 0.111588
1 0.664352 0.570815 0.125000 0.111588
1 0.784722 0.583691 0.125000 0.111588
1 0.909722 0.596567 0.087963 0.077253
1 0.715278 0.115880 0.125000 0.111588
1 0.898148 0.105150 0.111111 0.098712
1 0.500000 0.107296 0.166667 0.145923
1 0.092593 0.356223 0.101852 0.369099
1 0.291667 0.345494 0.101852 0.296137
1 0.500000 0.328326 0.129630 0.261803
1 0.719907 0.345494 0.143519 0.296137
1 0.905093 0.358369 0.125000 0.364807
1 0.912037 0.770386 0.074074 0.218884
1 0.784722 0.776824 0.097222 0.206009
1 0.659722 0.761803 0.087963 0.244635
1 0.113426 0.783262 0.078704 0.150215
1 0.233796 0.796137 0.087963 0.141631
1 0.354167 0.761803 0.115741 0.218884
1 0.506944 0.836910 0.152778 0.085837
1 0.504630 0.706009 0.148148 0.133047
