1 0.125000 0.283262 0.222222 0.497854
1 0.337963 0.278970 0.222222 0.497854
1 0.560185 0.274678 0.222222 0.497854
1 0.715278 0.373391 0.106481 0.291845
1 0.819444 0.341202 0.101852 0.364807
1 0.921296 0.321888 0.111111 0.412017
1 0.143519 0.654506 0.157407 0.150215
1 0.317130 0.645923 0.180556 0.175966
1 0.497685 0.645923 0.180556 0.175966
1 0.682870 0.650215 0.180556 0.175966
1 0.863426 0.650215 0.180556 0.175966
1 0.863426 0.826180 0.180556 0.175966
1 0.678241 0.826180 0.180556 0.175966
1 0.502315 0.826180 0.180556 0.175966
1 0.312500 0.817597 0.180556 0.175966
1 0.131944 0.821888 0.180556 0.175966
