1 0.151515 0.080189 0.129870 0.141509
1 0.387446 0.066038 0.151515 0.122642
1 0.636364 0.073113 0.173160 0.127358
1 0.891775 0.096698 0.138528 0.127358
1 0.880952 0.292453 0.125541 0.160377
1 0.887446 0.544811 0.121212 0.127358
1 0.889610 0.794811 0.160173 0.117925
1 0.629870 0.787736 0.168831 0.132075
1 0.387446 0.797170 0.177489 0.103774
1 0.140693 0.783019 0.134199 0.132075
1 0.149351 0.542453 0.142857 0.132075
1 0.385281 0.549528 0.164502 0.127358
1 0.642857 0.547170 0.177489 0.132075
1 0.625541 0.308962 0.151515 0.127358
1 0.406926 0.325472 0.225108 0.103774
1 0.145022 0.323113 0.134199 0.108491
