3 0.24890549999999997 0.672139 0.04752899999999999 0.11538399999999993
3 0.268293 0.5478425 0.04502800000000004 0.20825499999999997
3 0.2892435 0.68152 0.02814300000000003 0.104128
3 0.2911195 0.5014069999999999 0.03189500000000006 0.11538400000000004
3 0.29643549999999996 0.616323 0.04252699999999998 0.15384600000000004
3 0.348343 0.6144465 0.04127599999999998 0.165103
3 0.376485 0.5989680000000001 0.022514000000000034 0.11163199999999995
3 0.3989995 0.6712005000000001 0.04252699999999998 0.10225099999999998
3 0.466229 0.630863 0.028142 0.09099400000000013
3 0.5334585000000001 0.606004 0.05003100000000005 0.17073199999999988
3 0.5262665 0.5173544999999999 0.01813700000000007 0.07035699999999995
3 0.5547219999999999 0.7162285 0.05128199999999994 0.1416510000000002
3 0.5487805 0.5309565 0.019387000000000043 0.07504699999999997
3 0.594121 0.5806754999999999 0.05128200000000005 0.127579
3 0.5978735 0.7007505 0.04627900000000007 0.1388370000000001
3 0.8377114999999999 0.702627 0.04815499999999995 0.1726080000000001
3 0.868043 0.734991 0.05753600000000003 0.19418400000000002
3 0.8989995 0.7162285 0.028142999999999918 0.18480300000000005
