3 0.1228125 0.2157595 0.081875 0.16322699999999998
3 0.2515625 0.17448399999999997 0.111875 0.16510399999999997
3 0.2853125 0.673546 0.13562500000000002 0.4596620000000001
3 0.26625 0.34802999999999995 0.08249999999999999 0.1669799999999999
3 0.3828125 0.1472795 0.08937499999999998 0.165103
3 0.4153125 0.6519699999999999 0.12437499999999996 0.4446519999999999
3 0.390625 0.325047 0.06874999999999998 0.16791799999999998
3 0.5278125 0.12523450000000003 0.08687500000000004 0.16041300000000003
3 0.5590625 0.621951 0.13187500000000002 0.46153799999999995
3 0.545625 0.295497 0.07374999999999998 0.172608
