3 0.022876 0.2696075 0.045752 0.160131
3 0.0424835 0.1870915 0.084967 0.263071
3 0.0449345 0.526961 0.089869 0.194444
3 0.08986949999999999 0.20915 0.107843 0.281046
3 0.0759805 0.478758 0.050653000000000004 0.183006
3 0.12254899999999999 0.499183 0.09804 0.227124
3 0.1527775 0.1895425 0.102941 0.281045
3 0.143791 0.861111 0.07516400000000001 0.0817
3 0.1732025 0.8978755 0.06209100000000001 0.129085
3 0.1936275 0.486928 0.06372499999999998 0.183006
3 0.21405250000000003 0.18137250000000002 0.104575 0.28758100000000003
3 0.2148695 0.8308825 0.07026099999999999 0.09967300000000001
3 0.22549000000000002 0.888072 0.058824000000000015 0.0735300000000002
3 0.256536 0.5008170000000001 0.09804000000000002 0.16503199999999996
3 0.2745095 0.468137 0.07516299999999998 0.19117600000000007
3 0.27859449999999997 0.174837 0.07679699999999998 0.25163399999999997
3 0.27369299999999996 0.8112744999999999 0.060457999999999984 0.07026100000000002
3 0.287582 0.8815360000000001 0.045752000000000015 0.07679800000000003
3 0.3284315 0.16585 0.08169899999999997 0.256536
3 0.3292485 0.7875814999999999 0.07026100000000002 0.06209100000000001
3 0.3398695 0.4550655 0.08823499999999995 0.20751699999999995
3 0.341503 0.8562089999999999 0.05882399999999999 0.05882399999999999
3 0.39134 0.4444445 0.08660200000000001 0.19607899999999995
3 0.38480400000000003 0.7834965 0.07026200000000005 0.07679700000000012
3 0.4117645 0.8447715 0.07189499999999999 0.07189500000000004
3 0.5669934999999999 0.5326795 0.13398699999999997 0.313725
3 0.6086605 0.0866015 0.11601300000000003 0.173203
3 0.5955885000000001 0.9264705 0.08006499999999994 0.143791
3 0.6053919999999999 0.4558825 0.05718999999999996 0.10784300000000002
3 0.639706 0.5531045 0.08333400000000002 0.210785
3 0.6258170000000001 0.8668305 0.052288 0.11928099999999997
3 0.650327 0.9387255 0.06862799999999991 0.11601299999999992
3 0.6903595 0.588235 0.10294099999999995 0.30392199999999997
3 0.6911765000000001 0.4240195 0.091503 0.14542499999999992
3 0.6960785 0.112745 0.08823499999999995 0.22549
3 0.6936275000000001 0.9027775 0.053921 0.14542500000000003
3 0.730392 0.978758 0.049020000000000064 0.03921600000000003
3 0.768791 0.474673 0.08660200000000007 0.21731999999999996
3 0.759804 0.9240195 0.049020000000000064 0.12581699999999996
3 0.8006535 0.5915035 0.11764700000000006 0.313725
3 0.7892155000000001 0.102941 0.091503 0.205882
3 0.8300655 0.9697709999999999 0.039215 0.04738599999999982
3 0.869281 0.49428099999999997 0.08823600000000009 0.20751599999999998
3 0.9044114999999999 0.133987 0.11274499999999998 0.267974
3 0.9044114999999999 0.5915035000000001 0.11274499999999998 0.398693
3 0.9607845 0.4362745 0.07516299999999987 0.192811
3 0.9624185 0.6821895 0.07189500000000004 0.29248299999999994
