3 0.04875 0.4146445000000001 0.0975 0.6117150000000002
3 0.05625 0.238912 0.095 0.21841000000000002
3 0.20875000000000002 0.4025105 0.26875000000000004 0.629289
3 0.3 0.26485349999999996 0.08374999999999999 0.270293
3 0.45937500000000003 0.399163 0.25375000000000003 0.607532
3 0.5728125 0.2016735 0.026875000000000093 0.05188300000000004
3 0.5971875 0.2079495 0.03687499999999999 0.09121299999999999
3 0.71375 0.39497899999999997 0.26249999999999996 0.5924679999999999
3 0.631875 0.20962350000000002 0.0625 0.14979100000000004
3 0.8318749999999999 0.3811715 0.08999999999999997 0.37071099999999996
3 0.88375 0.239749 0.03874999999999995 0.09121399999999999
3 0.933125 0.378661 0.11749999999999994 0.382426
