1 0.141204 0.373391 0.143519 0.377682
1 0.333333 0.334764 0.129630 0.309013
1 0.543981 0.317597 0.143519 0.283262
1 0.717593 0.270386 0.120370 0.206009
1 0.886574 0.238197 0.115741 0.175966
1 0.150463 0.817597 0.106481 0.158798
1 0.347222 0.770386 0.111111 0.244635
1 0.541667 0.770386 0.101852 0.253219
1 0.715278 0.708155 0.125000 0.369099
1 0.886574 0.663090 0.115741 0.484979
1 0.145833 0.098712 0.152778 0.128755
1 0.340278 0.098712 0.152778 0.128755
1 0.534722 0.094421 0.152778 0.128755
1 0.715278 0.090129 0.152778 0.128755
1 0.891204 0.090129 0.152778 0.128755
1 0.145833 0.660944 0.152778 0.128755
1 0.340278 0.575107 0.152778 0.128755
1 0.539352 0.553648 0.152778 0.128755
1 0.724537 0.446352 0.152778 0.128755
