1 0.719907 0.371245 0.097222 0.296137
1 0.821759 0.339056 0.097222 0.369099
1 0.928241 0.330472 0.078704 0.412017
1 0.138889 0.648069 0.157407 0.145923
1 0.497685 0.645923 0.171296 0.158798
1 0.312500 0.650215 0.171296 0.158798
1 0.678241 0.650215 0.171296 0.158798
1 0.854167 0.654506 0.171296 0.158798
1 0.858796 0.813305 0.171296 0.158798
1 0.682870 0.813305 0.171296 0.158798
1 0.497685 0.813305 0.171296 0.158798
1 0.317130 0.809013 0.171296 0.158798
1 0.145833 0.813305 0.171296 0.158798
1 0.120370 0.278970 0.194444 0.489270
1 0.337963 0.270386 0.194444 0.489270
1 0.569444 0.270386 0.194444 0.489270
