3 0.05375 0.6546875 0.1075 0.43812500000000004
3 0.0720835 0.5378125 0.115833 0.24937499999999996
3 0.105 0.49812500000000004 0.08166599999999999 0.2
3 0.18916650000000002 0.6709375 0.168333 0.439375
3 0.25875 0.569375 0.07583400000000004 0.22874999999999995
3 0.28375 0.5290625 0.057499999999999996 0.14562500000000006
3 0.3679165 0.7112499999999999 0.18416700000000003 0.49874999999999997
3 0.41791649999999997 0.5828125 0.12083299999999997 0.259375
3 0.4625 0.5375 0.068334 0.17250000000000004
3 0.5545835 0.7162499999999999 0.18916700000000003 0.49874999999999997
3 0.59 0.5828125 0.11333400000000005 0.253125
3 0.609167 0.5606249999999999 0.02499999999999991 0.05500000000000005
3 0.6608335000000001 0.5384375 0.06333299999999997 0.17062500000000003
3 0.7083335 0.57875 0.12333300000000003 0.27875
3 0.7483335 0.7171875 0.20333299999999999 0.49687499999999996
