1 0.233209 0.343085 0.093284 0.250000
1 0.813433 0.497340 0.246269 0.196809
1 0.710821 0.648936 0.182836 0.191489
1 0.578358 0.723404 0.097015 0.117021
1 0.348881 0.750000 0.152985 0.191489
1 0.550373 0.375000 0.190299 0.196809
1 0.557836 0.146277 0.115672 0.132979
1 0.626866 0.265957 0.119403 0.170213
1 0.751866 0.348404 0.078358 0.111702
1 0.572761 0.547872 0.078358 0.117021
1 0.449627 0.651596 0.108209 0.111702
1 0.444030 0.484043 0.119403 0.127660
1 0.350746 0.550532 0.104478 0.122340
1 0.244403 0.566489 0.085821 0.101064
1 0.171642 0.678191 0.111940 0.143617
1 0.348881 0.367021 0.093284 0.127660
1 0.402985 0.273936 0.074627 0.111702
